1977	1	7.4	139.6
1977	2	6.3	71.2
1977	3	11.5	41.2
1977	4	15.9	33.2
1977	5	18.4	247.1
1977	6	19.7	385.8
1977	7	21.3	491.6
1977	8	20.6	331.1
1977	9	19.5	393
1977	10	15.9	59.2
1977	11	11.4	75.8
1977	12	10.8	98.3
1978	1	6.8	133.8
1978	2	6.9	87.2
1978	3	9.3	389.9
1978	4	13.2	156.9
1978	5	15.5	318.2
1978	6	19.3	181.2
1978	7	20.3	59.6
1978	8	20.1	219.6
1978	9	18.7	348.7
1978	10	14.6	287
1978	11	11.6	53.4
1978	12	9.4	137.7
1979	1	8.7	58.1
1979	2	9.3	63.8
1979	3	9.4	174.4
1979	4	13.6	132.5
1979	5	14.4	286
1979	6	17.9	385.2
1979	7	21.3	112
1979	8	20.2	939
1979	9	18.9	157.7
1979	10	14.1	248.8
1979	11	11	131.9
1979	12	10.4	28.9
1980	1	6.9	126
1980	2	7.1	179.5
1980	3	10.7	84.7
1980	4	12.2	221.9
1980	5	15.9	176.8
1980	6	20.1	173.6
1980	7	20.8	102.8
1980	8	19.6	315.3
1980	9	17.9	284.5
1980	10	16.2	107.9
1980	11	13.1	126.4
1980	12	7.9	32.8
1981	1	7.8	16.5
1981	2	8.3	131.4
1981	3	11.6	191.2
1981	4	15	84.4
1981	5	14.8	389.9
1981	6	17.4	689.2
1981	7	19.3	538.2
1981	8	20.2	141.6
1981	9	17.9	353.4
1981	10	15.5	98.3
1981	11	11.8	134.2
1981	12	7.2	84.8
1982	1	7.4	37.6
1982	2	7.5	129.5
1982	3	11	142.9
1982	4	11.5	123.9
1982	5	17.6	131.7
1982	6	18.1	255.9
1982	7	19.3	576.4
1982	8	19.9	386.8
1982	9	17.8	140.2
1982	10	16	21
1982	11	13.7	87.3
1982	12	7.7	70
1983	1	6.9	142
1983	2	6.2	540
1983	3	8.4	596.5
1983	4	14.4	98.8
1983	5	16.9	269.9
1983	6	19.2	190.7
1983	7	21.2	112.8
1983	8	20.1	134.2
1983	9	19.6	265.7
1983	10	16.8	83.1
1983	11	10.8	26.6
1983	12	6.7	39.8
1984	1	5.3	34.7
1984	2	6	55.5
1984	3	8.2	148.1
1984	4	11.8	278.1
1984	5	15.4	335.6
1984	6	19.6	540.1
1984	7	20.7	100.8
1984	8	19.5	919.7
1984	9	19	187.3
1984	10	15.3	120.8
1984	11	12.6	69.1
1984	12	7.9	22.4
1985	1	6.5	65.7
1985	2	7.5	541.4
1985	3	7.8	106.6
1985	4	12.1	206.7
1985	5	17.7	119.6
1985	6	18.3	239.8
1985	7	19.7	236.7
1985	8	20	701.9
1985	9	18.8	380.7
1985	10	16.3	238.1
1985	11	11.8	81.9
1985	12	7.7	182.7
1986	1	5.5	30
1986	2	4.8	174.5
1986	3	8	363.9
1986	4	13.2	63.9
1986	5	16.1	419.6
1986	6	18.9	434.4
1986	7	20.7	172.3
1986	8	20.3	583.5
1986	9	17.9	459.7
1986	10	15.3	43.6
1986	11	11.5	148.4
1986	12	8.4	45.1
1987	1	7.1	42.2
1987	2	7.5	74
1987	3	10.5	257.7
1987	4	12.5	100.5
1987	5	15.3	241.7
1987	6	18.1	203
1987	7	20.4	537.7
1987	8	20.9	148.5
1987	9	16.4	473.3
1987	10	16.4	394.6
1987	11	13.3	57.4
1987	12	8.1	47.1
1988	1	7.8	86.8
1988	2	7.3	61.1
1988	3	7.4	180.7
1988	4	11.2	254.2
1988	5	16.8	174.7
1988	6	20.2	147.6
1988	7	21.6	83
1988	8	20	230.6
1988	9	18	379.9
1988	10	15.1	286.6
1988	11	10.2	62.9
1988	12	7.6	32.6
1989	1	7.6	57.3
1989	2	7	19.2
1989	3	8.2	99.9
1989	4	13.1	236
1989	5	15.6	369.2
1989	6	18.9	141.4
1989	7	20.4	362.4
1989	8	20.2	226.1
1989	9	18.3	787.4
1989	10	14.6	66.7
1989	11	11.5	60.4
1989	12	7.9	98.7
1990	1	7.8	152.2
1990	2	9.2	116.8
1990	3	9.3	108.7
1990	4	12	527.8
1990	5	16.3	84.8
1990	6	18.8	437.4
1990	7	20.6	99
1990	8	20.1	1130.5
1990	9	18.1	499.7
1990	10	14.7	62.1
1990	11	13.1	67.2
1990	12	9.3	14.3
1991	1	7.1	96
1991	2	7.5	83.1
1991	3	11	74.3
1991	4	13.3	93.4
1991	5	17.1	134.2
1991	6	19.4	458.8
1991	7	20.9	172.2
1991	8	20	312.8
1991	9	17.9	496.4
1991	10	13.7	147.3
1991	11	11.4	74.2
1991	12	9	76.2
1992	1	6.2	62.1
1992	2	6.2	352.1
1992	3	9.3	201.9
1992	4	12.6	249.9
1992	5	15	271.9
1992	6	18.3	134.5
1992	7	20.5	129.7
1992	8	20.1	725.3
1992	9	18.4	546.2
1992	10	13.6	45.9
1992	11	10.9	35.6
1992	12	9.9	66.6
1993	1	6.2	99
1993	2	8.4	27.1
1993	3	9.3	199.2
1993	4	12.4	214.7
1993	5	16.6	182.7
1993	6	19.4	256.1
1993	7	21	216.4
1993	8	20.2	94.8
1993	9	18.6	82.8
1993	10	14.8	54.3
1993	11	13.6	58.7
1993	12	8.8	21.4
1994	1	7.6	78.1
1994	2	7.8	242.7
1994	3	8	96.8
1994	4	15.1	68.5
1994	5	17.3	221.1
1994	6	19.8	210
1994	7	20.5	304.5
1994	8	19.8	936.8
1994	9	17.2	208.3
1994	10	14.6	560.6
1994	11	13.3	3.3
1994	12	11.4	51.6
1995	1	6.8	68.2
1995	2	5.5	183
1995	3	8.5	152.1
1995	4	13.7	129.8
1995	5	15.7	241.9
1995	6	19.4	196.1
1995	7	20.2	344.8
1995	8	19.6	185.1
1995	9	18.7	105.7
1995	10	16.1	50.8
1995	11	11	27.3
1995	12	7.7	26.6
1996	1	7.1	13.3
1996	2	6.3	99.4
1996	3	9.8	79.2
1996	4	10.4	263.4
1996	5	15	266.1
1996	6	20.3	150.2
1996	7	20.9	806.7
1996	8	20.1	282
1996	9	19.2	385.8
1996	10	16.2	106.3
1996	11	13.4	76.5
1996	12	8.6	21
1997	1	6.8	58.2
1997	2	6.9	186.6
1997	3	10.4	161.6
1997	4	13	85
1997	5	16.1	176.1
1997	6	17.3	624.7
1997	7	19.1	283.2
1997	8	19.2	843.4
1997	9	16.6	181
1997	10	14.8	38.1
1997	11	12.7	23
1997	12	9.2	49.3
1998	1	6.7	168.8
1998	2	7.4	447.9
1998	3	10.1	211.1
1998	4	15.1	151
1998	5	17	350.8
1998	6	18.8	248.4
1998	7	20.5	79.1
1998	8	20.1	242.4
1998	9	17.5	351.2
1998	10	15.7	925
1998	11	13.4	47.9
1998	12	10.1	119.1
1999	1	8.1	86.1
1999	2	7.6	11.5
1999	3	10.7	121.4
1999	4	13.4	70.3
1999	5	14.8	264.9
1999	6	18.8	405.6
1999	7	19.9	177.7
1999	8	19	399.2
1999	9	18.4	148.4
1999	10	15.7	111.8
1999	11	12.1	30.7
1999	12	7.9	112.7
2000	1	7.7	51.7
2000	2	7.1	318.6
2000	3	9.5	98.3
2000	4	12.1	301.5
2000	5	16.3	108.7
2000	6	18.5	388.2
2000	7	19.7	221.9
2000	8	19	738.8
2000	9	17.3	178.2
2000	10	16.1	243.6
2000	11	13.1	246.8
2000	12	10.2	126.8
2001	1	8	178.8
2001	2	8.7	15.8
2001	3	9.9	136.1
2001	4	12.5	242
2001	5	16.3	216.9
2001	6	18.8	192
2001	7	19.6	316
2001	8	20.3	138.7
2001	9	16.9	1546.2
2001	10	14.7	182.1
2001	11	10.9	28.7
2001	12	8.6	38.3
2002	1	6.7	58.3
2002	2	8.5	42.3
2002	3	11.5	53.7
2002	4	14.5	18.2
2002	5	16.6	114.6
2002	6	19	146
2002	7	19.6	640.5
2002	8	19.9	85.4
2002	9	17.2	333.1
2002	10	15.2	81.7
2002	11	11.1	39.8
2002	12	9.1	93.8
2003	1	6.4	43
2003	2	8.5	17.6
2003	3	8.9	95.2
2003	4	13.9	149
2003	5	16	52.3
2003	6	17.9	264.9
2003	7	20.5	114
2003	8	20.1	115.2
2003	9	18.5	326.5
2003	10	14.8	95.6
2003	11	12.8	86.9
2003	12	8.2	9.2
2004	1	5.9	80
2004	2	8.2	145.4
2004	3	8.4	157.8
2004	4	12.7	124.4
2004	5	16.5	189.8
2004	6	18.3	32.6
2004	7	19.2	291.3
2004	8	19	1408.4
2004	9	17	471.7
2004	10	13	316.5
2004	11	12.7	9.9
2004	12	8.8	180.8
2005	1	5.8	45.6
2005	2	6.3	294.2
2005	3	7.6	310.3
2005	4	13.2	58.9
2005	5	16.5	406.2
2005	6	18.1	199.7
2005	7	19.5	591.4
2005	8	18.8	1321.4
2005	9	18.2	298.8
2005	10	15	283.5
2005	11	13	47.2
2005	12	6.5	56.3
2006	1	7.8	61.1
2006	2	7.7	74.5
2006	3	9	169.2
2006	4	13.3	287.9
2006	5	15.8	326.3
2006	6	18.3	463.8
2006	7	20.1	261.6
2006	8	19.8	147.7
2006	9	17.9	407.3
2006	10	16.4	17.1
2006	11	13.6	156.1
2006	12	9.9	83.9
2007	1	8.1	105.8
2007	2	9.3	48.3
2007	3	10.5	130.3
2007	4	11.2	153.9
2007	5	16.6	254.6
2007	6	18.1	378.8
2007	7	20.1	143.1
2007	8	18.8	609.9
2007	9	17.9	550.7
2007	10	14.5	683.5
2007	11	10.9	161.4
2007	12	9.2	24.9
2008	1	7.3	57.4
2008	2	4.5	87.6
2008	3	9.3	152.1
2008	4	13.1	95.2
2008	5	15.1	209.2
2008	6	18	252.5
2008	7	19.2	472.9
2008	8	19.8	76.2
2008	9	17.9	1400.9
2008	10	16.6	63.2
2008	11	11.7	131.4
2008	12	7.9	58.2
2009	1	5.8	17.3
2009	2	10.5	23.5
2009	3	8.9	204.5
2009	4	11.6	173.8
2009	5	15.7	55.8
2009	6	18.4	290.4
2009	7	20	91.1
2009	8	19.7	620.6
2009	9	19.5	57.8
2009	10	14.4	278.9
2009	11	11.4	42.9
2009	12	7.3	58.6
2010	1	7.2	95.4
2010	2	8.2	239.9
2010	3	10.1	45.8
2010	4	10.9	139
2010	5	15.4	133
2010	6	17	349.1
2010	7	19.9	267.7
2010	8	19.9	116.7
2010	9	18.5	266.6
2010	10	14.6	305.8
2010	11	11.4	49
2010	12	7.3	54.9
2011	1	4.3	77.9
2011	2	7	30.8
2011	3	6.4	94.7
2011	4	11.7	33.9
2011	5	14.8	288.7
2011	6	19.5	421.1
2011	7	19.8	196.6
2011	8	20.2	231.8
2011	9	18.7	65
2011	10	15.7	308.5
2011	11	14.1	220.1
2011	12	8.3	101.3
